43 39 25 15 50 45 16 34 11 40 23 12 0 58 54 3 32 35 33 4 57 56 30 24 
39 24 30 56 57 4 33 35 32 3 43 54 25 58 0 12 23 40 11 34 16 45 50 15 
39 24 30 56 57 4 35 40 
--------------------------
43 17 8 39 47 40 11 35 4 33 57 56 27 30 24 3 9 49 14 31 45 16 58 32 
3 32 58 16 45 31 43 14 17 49 8 9 47 39 24 30 27 56 57 33 4 35 11 40 
58 45 31 17 39 24 56 33 
--------------------------
8 43 55 39 17 52 7 33 56 24 53 46 31 45 58 36 5 6 35 38 1 44 57 
52 57 8 43 55 44 1 38 35 6 5 7 36 58 45 31 46 17 39 53 24 56 33 
57 44 1 35 58 31 33 
--------------------------
52 4 55 18 33 31 2 58 35 6 1 44 57 28 45 20 21 26 42 56 5 38 24 
45 24 38 5 56 52 42 55 26 21 20 18 28 57 44 1 6 35 58 2 31 4 33 
45 24 38 56 57 35 31 4 
--------------------------
52 4 58 16 24 1 33 31 35 57 56 27 38 9 3 45 30 47 14 40 11 49 32 
58 52 1 30 3 32 49 11 40 14 47 16 45 24 9 38 27 56 57 35 31 33 4 
1 32 49 11 40 38 57 
--------------------------
44 37 8 17 43 39 46 57 38 40 11 49 32 1 7 36 45 53 24 6 35 26 5 56 
45 56 5 26 44 35 6 24 53 37 8 17 46 36 7 39 43 1 32 49 11 40 38 57 
45 56 5 26 35 6 49 40 
--------------------------
43 44 17 39 37 8 40 11 49 6 35 26 5 56 45 13 7 36 57 53 24 32 
43 32 17 24 53 57 36 7 39 37 8 44 13 45 56 5 26 35 6 49 11 40 
32 24 57 56 49 40 
--------------------------
44 43 8 6 39 38 40 45 11 49 56 57 24 32 46 1 35 5 7 36 26 
45 44 26 8 36 7 5 35 6 39 1 38 46 43 32 24 57 56 49 11 40 
45 26 35 38 32 49 
--------------------------
43 3 38 4 35 23 49 32 26 45 25 54 50 24 0 15 34 12 33 30 40 11 
24 11 40 43 30 33 4 12 34 15 0 23 50 54 25 45 26 35 38 3 32 49 
11 40 30 26 35 3 
--------------------------
52 43 3 35 40 23 16 4 38 14 31 49 54 22 51 29 10 11 12 30 26 32 15 
15 38 12 54 49 4 43 14 31 16 23 52 22 51 29 10 11 40 30 26 35 32 3 
15 38 11 40 30 26 3 
--------------------------
43 44 46 23 3 40 38 39 8 6 35 5 7 57 36 15 11 56 1 30 26 54 
54 23 43 56 35 6 36 7 8 5 46 57 39 44 15 38 11 40 1 30 26 3 
54 35 46 11 30 26 
--------------------------
44 46 38 35 58 16 14 22 51 10 47 15 9 56 27 29 49 54 12 32 11 30 26 
15 44 32 12 49 10 22 51 14 16 47 38 9 56 27 29 58 54 35 46 11 30 26 
32 10 38 54 11 30 26 
--------------------------
44 43 26 55 35 6 38 36 3 57 30 11 54 10 32 2 28 20 18 21 42 56 12 
36 12 56 44 35 6 43 42 21 18 20 57 28 2 3 32 10 38 54 11 30 55 26 
36 12 56 42 18 10 11 
--------------------------
43 40 44 26 3 38 6 35 37 36 11 54 10 18 42 56 12 19 32 57 28 30 
54 30 26 28 57 43 32 3 38 6 35 44 37 19 36 12 56 42 18 10 40 11 
30 32 37 12 10 40 11 
--------------------------
43 40 46 52 36 26 37 16 25 22 32 4 51 11 10 12 30 31 27 49 15 29 54 
25 54 36 26 43 29 15 46 49 27 16 51 22 31 4 52 30 32 37 12 10 40 11 
25 54 26 29 15 49 12 
--------------------------
43 40 46 47 32 37 26 30 25 39 12 41 49 15 29 54 48 59 45 24 34 33 11 27 
47 27 32 37 40 11 46 43 33 34 24 45 30 59 48 39 25 54 26 29 15 49 41 12 
27 32 11 33 34 24 30 39 
--------------------------
40 43 46 37 39 30 32 25 47 26 29 59 24 34 33 11 49 27 45 41 12 15 48 54 
29 37 47 49 26 46 45 25 54 48 15 12 41 43 27 32 40 11 33 34 24 59 30 39 
47 49 54 48 15 41 32 39 
--------------------------
44 35 47 39 32 3 25 21 6 38 37 30 56 18 28 49 57 54 19 48 42 15 41 29 
21 29 30 37 42 57 28 56 38 35 6 18 47 49 25 54 19 48 44 15 41 3 32 39 
29 37 42 49 54 48 15 41 
--------------------------
40 39 12 37 58 14 47 36 22 27 26 16 18 51 9 33 29 42 49 54 19 48 15 57 41 
57 39 27 33 26 40 51 22 16 36 9 18 47 14 58 29 37 42 49 54 19 48 15 12 41 
57 18 47 42 54 19 15 12 41 
--------------------------
40 58 26 27 12 47 36 14 16 39 22 37 18 41 33 15 19 48 54 42 57 29 49 9 51 
33 27 37 39 49 16 51 22 14 40 9 26 36 29 58 57 18 47 42 54 48 19 15 12 41 
33 27 37 9 57 47 42 54 19 
--------------------------
43 26 46 45 58 12 47 37 27 39 34 59 11 33 15 24 9 57 18 41 42 54 48 19 
39 26 15 58 41 12 45 24 46 11 34 59 43 33 27 37 9 57 18 47 42 54 48 19 
39 12 37 57 18 42 48 19 
--------------------------
40 58 39 49 27 25 37 36 8 47 23 12 57 19 18 42 48 28 5 7 1 56 9 
49 9 58 27 56 25 1 36 7 5 40 23 39 12 8 37 28 57 47 18 42 48 19 
9 58 56 1 36 28 42 
--------------------------
40 58 46 45 26 49 36 33 23 25 34 1 56 59 54 28 42 0 9 50 24 41 19 48 
34 48 19 49 40 41 33 46 24 45 26 50 54 25 23 9 0 58 56 59 1 36 28 42 
48 19 49 24 23 1 28 42 
--------------------------
40 4 26 25 23 49 36 16 22 14 34 9 33 51 29 48 19 24 56 1 28 42 
56 25 4 33 26 9 34 29 14 40 51 22 16 36 48 19 49 24 23 1 28 42 
56 25 29 49 24 1 28 42 
--------------------------
26 36 4 58 45 46 9 49 25 14 23 41 50 51 56 54 48 0 19 29 24 59 1 28 42 
36 9 23 4 19 48 51 14 26 41 50 46 45 56 54 25 0 58 29 49 24 59 1 28 42 
23 4 19 29 49 59 1 28 42 
--------------------------
40 36 26 4 52 12 16 49 33 23 34 14 9 25 10 1 28 59 42 29 0 19 31 51 56 
12 56 25 9 36 51 14 26 34 16 40 31 10 52 23 33 4 19 0 29 49 59 1 28 42 
56 9 51 4 19 49 1 28 42 
--------------------------
36 12 4 55 35 39 32 6 47 21 25 9 30 23 49 20 42 28 1 19 51 56 18 2 
23 12 36 18 47 25 39 32 6 35 21 2 55 56 9 51 4 19 20 49 30 1 28 42 
18 21 2 56 51 19 20 28 
--------------------------
58 55 46 45 23 20 21 50 14 41 54 24 0 18 59 1 31 2 56 51 48 19 42 28 
42 23 55 1 59 14 24 41 45 54 46 0 58 18 50 21 31 2 56 51 48 19 20 28 
42 23 18 50 2 56 48 19 28 
--------------------------
40 58 26 52 33 50 21 23 16 34 14 51 42 48 56 19 2 28 31 18 1 10 29 24 
1 24 51 14 58 29 10 34 16 33 26 40 42 52 23 18 21 50 31 2 56 48 19 28 
1 24 42 23 18 50 2 19 28 
--------------------------
fusion cnt29   ordinary cnt:2
